###############################################################################
#                                                                             #
#   File standard version (x.y.z)       Minimal Planar3D version (x.y.z)      #
#   ----------------------------------- -----------------------------------   #
#                                                                             #
     1           0           0           3           2           0
#                                                                             #
#   =======================================================================   #
#                                                                             #
###############################################################################
#                                                                             #
#   Start       Finish      Stress      Young's     Poisson's   Carter's      #
#                                       modulus     ratio       coefficient   #
#   [m]         [m]         [MPa]       [GPa]       [n/d]       [um/s^0.5]    #
#   ----------- ----------- ----------- ----------- ----------- -----------   #
#                                                                             #
 -90  -87.00  76.02313425  30.3975  0.25  0.0001
 -87   -84.00  79.39928325  30.3975  0.25  0.0001
 -84  -81.00  78.30294675  30.3975  0.25  0.0001
 -81   -78.00  77.65851975  30.3975  0.25  0.0001
 -78   -75.00  77.6291355  30.3975  0.25  0.0001
 -75   -72.00  76.123446  30.3975  0.25  0.0001
 -72   -69.00  73.42110825  30.3975  0.25  0.0001
 -69   -66.00  76.65945525  30.3975  0.25  0.0001
 -66   -63.00  78.85618125  30.3975  0.25  0.0001
 -63   -60.00  76.9036485  30.3975  0.25  0.0001
 -60   -57.00  79.86943125  30.3975  0.25  0.0001
 -57   -54.00  79.5826815  30.3975  0.25  0.0001
 -54   -51.00  77.4872805  30.3975  0.25  0.0001
 -51   -48.00  80.176446  30.3975  0.25  0.0001
 -48   -45.00  77.33022675  30.3975  0.25  0.0001
 -45   -42.00  76.8185355  30.3975  0.25  0.0001
 -42   -39.00  78.656571  30.3975  0.25  0.0001
 -39   -36.00  80.54830875  30.3975  0.25  0.0001
 -36   -33.00  80.27675775  30.3975  0.25  0.0001
 -33   -30.00  80.27675775  30.3975  0.25 0.0001
 -30   -27.00   80.27675775  30.3975  0.25  0.0001
 -27   -24.00  76.0606245  30.3975  0.25  0.0001
 -24   -21.00  77.4913335  30.3975  0.25  0.0001
 -21   -18.00  74.741373  30.3975  0.25  0.0001
 -18   -15.00  78.198582  30.3975  0.25  0.0001
 -15   -12.00  77.4751215  30.3975  0.25  0.0001
 -12   -9.00  74.76265125  30.3975  0.25  0.0001
 -9   9  73.09163313  30.3975  0.25  0.0001
 9   12.00  73.72305675  30.3975  0.25  0.0001
 12   15.00  75.34830975  30.3975  0.25 0.0001
 15   18.00  73.124226  30.3975  0.25  0.0001
 18   21.00   75.08891775  30.3975  0.25  0.0001
 21   24.00   72.28626825  30.3975  0.25   0.0001
 24   27.00   75.29359425  30.3975  0.25  0.0001
 27   30.00  74.81939325  30.3975  0.25  0.0001
 30  33.00  76.2592215   30.3975  0.25  0.0001
 33   36.00   78.52180875  30.3975  0.25  0.0001
 36    39.00  80.44698375  30.3975  0.25 0.0001
 39   42.00    77.91993825  30.3975  0.25 0.0001
 42   45.00   75.93396825  30.3975  0.25  0.0001
 45  48.00  78.31105275  30.3975    0.25   0.0001
 48  51.00  77.550102  30.3975  0.25  0.0001
 51  54.00  77.2076235  30.3975   0.25  0.0001
 54   57.00  79.305051   30.3975  0.25  0.0001
 57  60.00  78.60489525  30.3975  0.25 0.0001
#                                                                             #
#   =========== =========== =========== =========== =========== ===========   #
#                                                                             #
###############################################################################