2564.5   5.7   0.99865182   19   0.23   32.32   0
2570.2   0.3   1.198382184   18   0.22   31.93   0
2570.5   2   1.198382184   18   0.22   31.33   0
2572.5   4   1.198382184   20   0.23   33.18   0
2576.5   2   1.198382184   19   0.23   32.46   0
2578.5   4.5   1.198382184   18   0.22   31.29   0
2583   2.8   1.198382184   19   0.23   32.57   0.000020936100
2585.8   1.1   1.198382184   18   0.22   31.8   0.000020936100
2586.9   4.2   0.798921456   19   0.3   32.66   0.000020936100
2591.1   4.6   1.198382184   16   0.18   28.57   0.000069786000
2595.7   2.8   1.198382184   16   0.18   27.01   0.000069786000
2598.5   4.8   1.198382184   16   0.18   26.76   0.000069786000
2603.3   2   0.798921456   19   0.22   31.7   0.000020936100
2605.3   0.4   0.99865182   15   0.18   27.83   0.000069786000
2605.7   0.9   0.798921456   17   0.25   27.83   0.000020936100
2606.6   1.9   0.798921456   15   0.18   26.76   0.000069786000
2608.5   3.5   0.798921456   15   0.18   26.74   0.000069786000
2612   4   0.798921456   15   0.18   25.75   0.000069786000
2616   4.5   1.198382184   15   0.18   26.49   0.000069786000
2620.5   2.2   0.798921456   15   0.18   26.15   0.000069786000
2622.7   2.2   0.99865182   15   0.18   26.86   0.000069786000
2624.9   1.4   0.798921456   15   0.18   25.57   0.000069786000
2626.3   4.4   1.198382184   15   0.18   26.75   0.000069786000
2630.7   1.8   1.198382184   15   0.18   27.61   0.000069786000
2632.5   2.4   0.798921456   19   0.22   33.25   0.000020936100
2634.9   0.8   1.198382184   16   0.18   29.23   0.000090722100
2635.7   0.8   0.798921456   19   0.22   32.54   0.000020936100
2636.5   2   0.99865182   16   0.18   29.64   0.000090722100
2638.5   2   1.198382184   16   0.22   31.48   0.000020936100
2640.5   4   1.198382184   17   0.22   32.87   0.000020936100
2644.5   5   1.198382184   17   0.22   33.71   0
2649.5   5   1.198382184   19   0.23   33.25   0
2654.5   1   1.198382184   19   0.23   33.53   0
